32995806
36094240
47900976
62728610
68685903
68705742
73688833
74042170
77088658
77498931
78866779
86704204
87365305
90285047
91101325
92476833
96760956
97925591
99530665
101557041
102016484
108039515
111639517
111865830
113928012
114643566
114900277
117194401
117333644
117791870
118325250
118794091
118910018
119463998
119863011
121192457
121450926
121908872
123466063
123621024
125858918
125862054
128612563
131351209
131768822
132620645
133719117
134763799
139717001
141987705
144513068
148176942
154129512
154548784
156311150
159002956
159366838
163340106
164851175
170837204
171009827
173538102
174754549
175431196
180499210
183654669
183697632
183874150
183948726
185010193
187038081
187541286
187699611
191094270
192119602
192475621
195169340
196171054
196312651
198654977
203210482
206603320
206841652
206970362
207098534
209128806
214383719
214870128
215574687
216311755
218365712
221259610
224291003
225313664
225792493
225987393
226655177
227994404
228200691
228530509
229341802
229689369
230611093
230687588
232079110
233344492
233547828
235578811
235588363
236052397
237512600
237550277
238023469
239773528
240064383
241571516
241914261
241931077
242148714
242665441
243413137
243422513
244773128
245751453
246394971
246399131
246543081
247380230
248019350
248648745
249525251
249935813
250836392
251097406
253186750
254657174
255243529
255678408
256124777
257861539
258512506
261498092
261984845
262275873
262318432
262608112
262832622
263496335
264079846
265075564
265439847
266690494
267998903
268477325
273115790
274893448
275376915
276421916
279933287
280090002
281285423
281566943
282034714
282246699
282407376
283855434
284225780
285396049
285647331
286669795
290003235
290880548
291366185
293516571
293551745
294145304
296246111
297148317
298169078
298998077
299181162
299441559
300203537
301342075
302173825
303015258
303034956
303876895
304856412
305620617
305936492
306838240
308305610
308998387
310011291
310393402
313267750
315447470
315918581
316293525
316893669
317514413
323736666
324763482
325337401
325983008
326714981
328146179
329191477
32995806
36094240
47900976
62728610
68685903
68705742
73688833
74042170
77088658
77498931
78866779
86704204
87365305
90285047
91101325
92476833
96760956
97925591
99530665
101557041
102016484
108039515
111639517
111865830
113928012
114643566
114900277
117194401
117333644
117791870
118325250
118794091
118910018
119463998
119863011
121192457
121450926
121908872
123466063
123621024
125858918
125862054
128612563
131351209
131768822
132620645
133719117
134763799
139717001
141987705
144513068
148176942
154129512
154548784
156311150
159002956
159366838
163340106
164851175
170837204
171009827
173538102
174754549
175431196
180499210
183654669
183697632
183874150
183948726
185010193
187038081
187541286
187699611
191094270
192119602
192475621
195169340
196171054
196312651
198654977
203210482
206603320
206841652
206970362
207098534
209128806
214383719
214870128
215574687
216311755
218365712
221259610
224291003
225313664
225792493
225987393
226655177
227994404
228200691
228530509
229341802
229689369
230611093
230687588
232079110
233344492
233547828
235578811
235588363
236052397
237512600
237550277
238023469
239773528
240064383
241571516
241914261
241931077
242148714
242665441
243413137
243422513
244773128
245751453
246394971
246399131
246543081
247380230
248019350
248648745
249525251
249935813
250836392
251097406
253186750
254657174
255243529
255678408
256124777
257861539
258512506
261498092
261984845
262275873
262318432
262608112
262832622
263496335
264079846
265075564
265439847
266690494
267998903
268477325
273115790
274893448
275376915
276421916
279933287
280090002
281285423
281566943
282034714
282246699
282407376
283855434
284225780
285396049
285647331
286669795
290003235
290880548
291366185
293516571
293551745
294145304
296246111
297148317
298169078
298998077
299181162
299441559
300203537
301342075
302173825
303015258
303034956
303876895
304856412
305620617
305936492
306838240
308305610
308998387
310011291
310393402
313267750
315447470
315918581
316293525
316893669
317514413
323736666
324763482
325337401
325983008
326714981
328146179
329191477
32995806
36094240
47900976
62728610
68685903
68705742
73688833
74042170
77088658
77498931
78866779
86704204
87365305
90285047
91101325
92476833
96760956
97925591
99530665
101557041
102016484
108039515
111639517
111865830
113928012
114643566
114900277
117194401
117333644
117791870
118325250
118794091
118910018
119463998
119863011
121192457
121450926
121908872
123466063
123621024
125858918
125862054
128612563
131351209
131768822
132620645
133719117
134763799
139717001
141987705
144513068
148176942
154129512
154548784
156311150
159002956
159366838
163340106
164851175
170837204
171009827
173538102
174754549
175431196
180499210
183654669
183697632
183874150
183948726
185010193
187038081
187541286
187699611
191094270
192119602
192475621
195169340
196171054
196312651
198654977
203210482
206603320
206841652
206970362
207098534
209128806
214383719
214870128
215574687
216311755
218365712
221259610
224291003
225313664
225792493
225987393
226655177
227994404
228200691
228530509
229341802
229689369
230611093
230687588
232079110
233344492
233547828
235578811
235588363
236052397
237512600
237550277
238023469
239773528
240064383
241571516
241914261
241931077
242148714
242665441
243413137
243422513
244773128
245751453
246394971
246399131
246543081
247380230
248019350
248648745
249525251
249935813
250836392
251097406
253186750
254657174
255243529
255678408
256124777
257861539
258512506
261498092
261984845
262275873
262318432
262608112
262832622
263496335
264079846
265075564
265439847
266690494
267998903
268477325
273115790
274893448
275376915
276421916
279933287
280090002
281285423
281566943
282034714
282246699
282407376
283855434
284225780
285396049
285647331
286669795
290003235
290880548
291366185
293516571
293551745
294145304
296246111
297148317
298169078
298998077
299181162
299441559
300203537
301342075
302173825
303015258
303034956
303876895
304856412
305620617
305936492
306838240
308305610
308998387
310011291
310393402
313267750
315447470
315918581
316293525
316893669
317514413
323736666
324763482
325337401
325983008
326714981
328146179
329191477
32995806
36094240
47900976
62728610
68685903
68705742
73688833
74042170
77088658
77498931
78866779
86704204
87365305
90285047
91101325
92476833
96760956
97925591
99530665
101557041
102016484
108039515
111639517
111865830
113928012
114643566
114900277
117194401
117333644
117791870
118325250
118794091
118910018
119463998
119863011
121192457
121450926
121908872
123466063
123621024
125858918
125862054
128612563
131351209
131768822
132620645
133719117
134763799
139717001
141987705
144513068
148176942
154129512
154548784
156311150
159002956
159366838
163340106
164851175
170837204
171009827
173538102
174754549
175431196
180499210
183654669
183697632
183874150
183948726
185010193
187038081
187541286
187699611
191094270
192119602
192475621
195169340
196171054
196312651
198654977
203210482
206603320
206841652
206970362
207098534
209128806
214383719
214870128
215574687
216311755
218365712
221259610
224291003
225313664
225792493
225987393
226655177
227994404
228200691
228530509
229341802
229689369
230611093
230687588
232079110
233344492
233547828
235578811
235588363
236052397
237512600
237550277
238023469
239773528
240064383
241571516
241914261
241931077
242148714
242665441
243413137
243422513
244773128
245751453
246394971
246399131
246543081
247380230
248019350
248648745
249525251
249935813
250836392
251097406
253186750
254657174
255243529
255678408
256124777
257861539
258512506
261498092
261984845
262275873
262318432
262608112
262832622
263496335
264079846
265075564
265439847
266690494
267998903
268477325
273115790
274893448
275376915
276421916
279933287
280090002
281285423
281566943
282034714
282246699
282407376
283855434
284225780
285396049
285647331
286669795
290003235
290880548
291366185
293516571
293551745
294145304
296246111
297148317
298169078
298998077
299181162
299441559
300203537
301342075
302173825
303015258
303034956
303876895
304856412
305620617
305936492
306838240
308305610
308998387
310011291
310393402
313267750
315447470
315918581
316293525
316893669
317514413
323736666
324763482
325337401
325983008
326714981
328146179
329191477
32995806
36094240
47900976
62728610
68685903
68705742
73688833
74042170
77088658
77498931
78866779
86704204
87365305
90285047
91101325
92476833
96760956
97925591
99530665
101557041
102016484
108039515
111639517
111865830
113928012
114643566
114900277
117194401
117333644
117791870
118325250
118794091
118910018
119463998
119863011
121192457
121450926
121908872
123466063
123621024
125858918
125862054
128612563
131351209
131768822
132620645
133719117
134763799
139717001
141987705
144513068
148176942
154129512
154548784
156311150
159002956
159366838
163340106
164851175
170837204
171009827
173538102
174754549
175431196
180499210
183654669
183697632
183874150
183948726
185010193
187038081
187541286
187699611
191094270
192119602
192475621
195169340
196171054
196312651
198654977
203210482
206603320
206841652
206970362
207098534
209128806
214383719
214870128
215574687
216311755
218365712
221259610
224291003
225313664
225792493
225987393
226655177
227994404
228200691
228530509
229341802
229689369
230611093
230687588
232079110
233344492
233547828
235578811
235588363
236052397
237512600
237550277
238023469
239773528
240064383
241571516
241914261
241931077
242148714
242665441
243413137
243422513
244773128
245751453
246394971
246399131
246543081
247380230
248019350
248648745
249525251
249935813
250836392
251097406
253186750
254657174
255243529
255678408
256124777
257861539
258512506
261498092
261984845
262275873
262318432
262608112
262832622
263496335
264079846
265075564
265439847
266690494
267998903
268477325
273115790
274893448
275376915
276421916
279933287
280090002
281285423
281566943
282034714
282246699
282407376
283855434
284225780
285396049
285647331
286669795
290003235
290880548
291366185
293516571
293551745
294145304
296246111
297148317
298169078
298998077
299181162
299441559
300203537
301342075
302173825
303015258
303034956
303876895
304856412
305620617
305936492
306838240
308305610
308998387
310011291
310393402
313267750
315447470
315918581
316293525
316893669
317514413
323736666
324763482
325337401
325983008
326714981
328146179
329191477
32995806
36094240
47900976
62728610
68685903
68705742
73688833
74042170
77088658
77498931
78866779
86704204
87365305
90285047
91101325
92476833
96760956
97925591
99530665
101557041
102016484
108039515
111639517
111865830
113928012
114643566
114900277
117194401
117333644
117791870
118325250
118794091
118910018
119463998
119863011
121192457
121450926
121908872
123466063
123621024
125858918
125862054
128612563
131351209
131768822
132620645
133719117
134763799
139717001
141987705
144513068
148176942
154129512
154548784
156311150
159002956
159366838
163340106
164851175
170837204
171009827
173538102
174754549
175431196
180499210
183654669
183697632
183874150
183948726
185010193
187038081
187541286
187699611
191094270
192119602
192475621
195169340
196171054
196312651
198654977
203210482
206603320
206841652
206970362
207098534
209128806
214383719
214870128
215574687
216311755
218365712
221259610
224291003
225313664
225792493
225987393
226655177
227994404
228200691
228530509
229341802
229689369
230611093
230687588
232079110
233344492
233547828
235578811
235588363
236052397
237512600
237550277
238023469
239773528
240064383
241571516
241914261
241931077
242148714
242665441
243413137
243422513
244773128
245751453
246394971
246399131
246543081
247380230
248019350
248648745
249525251
249935813
250836392
251097406
253186750
254657174
255243529
255678408
256124777
257861539
258512506
261498092
261984845
262275873
262318432
262608112
262832622
263496335
264079846
265075564
265439847
266690494
267998903
268477325
273115790
274893448
275376915
276421916
279933287
280090002
281285423
281566943
282034714
282246699
282407376
283855434
284225780
285396049
285647331
286669795
290003235
290880548
291366185
293516571
293551745
294145304
296246111
297148317
298169078
298998077
299181162
299441559
300203537
301342075
302173825
303015258
303034956
303876895
304856412
305620617
305936492
306838240
308305610
308998387
310011291
310393402
313267750
315447470
315918581
316293525
316893669
317514413
323736666
324763482
325337401
325983008
326714981
328146179
329191477
32995806
36094240
47900976
62728610
68685903
68705742
73688833
74042170
77088658
77498931
78866779
86704204
87365305
90285047
91101325
92476833
96760956
97925591
99530665
101557041
102016484
108039515
111639517
111865830
113928012
114643566
114900277
117194401
117333644
117791870
118325250
118794091
118910018
119463998
119863011
121192457
121450926
121908872
123466063
123621024
125858918
125862054
128612563
131351209
131768822
132620645
133719117
134763799
139717001
141987705
144513068
148176942
154129512
154548784
156311150
159002956
159366838
163340106
164851175
170837204
171009827
173538102
174754549
175431196
180499210
183654669
183697632
183874150
183948726
185010193
187038081
187541286
187699611
191094270
192119602
192475621
195169340
196171054
196312651
198654977
203210482
206603320
206841652
206970362
207098534
209128806
214383719
214870128
215574687
216311755
218365712
221259610
224291003
225313664
225792493
225987393
226655177
227994404
228200691
228530509
229341802
229689369
230611093
230687588
232079110
233344492
233547828
235578811
235588363
236052397
237512600
237550277
238023469
239773528
240064383
241571516
241914261
241931077
242148714
242665441
243413137
243422513
244773128
245751453
246394971
246399131
246543081
247380230
248019350
248648745
249525251
249935813
250836392
251097406
253186750
254657174
255243529
255678408
256124777
257861539
258512506
261498092
261984845
262275873
262318432
262608112
262832622
263496335
264079846
265075564
265439847
266690494
267998903
268477325
273115790
274893448
275376915
276421916
279933287
280090002
281285423
281566943
282034714
282246699
282407376
283855434
284225780
285396049
285647331
286669795
290003235
290880548
291366185
293516571
293551745
294145304
296246111
297148317
298169078
298998077
299181162
299441559
300203537
301342075
302173825
303015258
303034956
303876895
304856412
305620617
305936492
306838240
308305610
308998387
310011291
310393402
313267750
315447470
315918581
316293525
316893669
317514413
323736666
324763482
325337401
325983008
326714981
328146179
329191477
32995806
36094240
47900976
62728610
68685903
68705742
73688833
74042170
77088658
77498931
78866779
86704204
87365305
90285047
91101325
92476833
96760956
97925591
99530665
101557041
102016484
108039515
111639517
111865830
113928012
114643566
114900277
117194401
117333644
117791870
118325250
118794091
118910018
119463998
119863011
121192457
121450926
121908872
123466063
123621024
125858918
125862054
128612563
131351209
131768822
132620645
133719117
134763799
139717001
141987705
144513068
148176942
154129512
154548784
156311150
159002956
159366838
163340106
164851175
170837204
171009827
173538102
174754549
175431196
180499210
183654669
183697632
183874150
183948726
185010193
187038081
187541286
187699611
191094270
192119602
192475621
195169340
196171054
196312651
198654977
203210482
206603320
206841652
206970362
207098534
209128806
214383719
214870128
215574687
216311755
218365712
221259610
224291003
225313664
225792493
225987393
226655177
227994404
228200691
228530509
229341802
229689369
230611093
230687588
232079110
233344492
233547828
235578811
235588363
236052397
237512600
237550277
238023469
239773528
240064383
241571516
241914261
241931077
242148714
242665441
243413137
243422513
244773128
245751453
246394971
246399131
246543081
247380230
248019350
248648745
249525251
249935813
250836392
251097406
253186750
254657174
255243529
255678408
256124777
257861539
258512506
261498092
261984845
262275873
262318432
262608112
262832622
263496335
264079846
265075564
265439847
266690494
267998903
268477325
273115790
274893448
275376915
276421916
279933287
280090002
281285423
281566943
282034714
282246699
282407376
283855434
284225780
285396049
285647331
286669795
290003235
290880548
291366185
293516571
293551745
294145304
296246111
297148317
298169078
298998077
299181162
299441559
300203537
301342075
302173825
303015258
303034956
303876895
304856412
305620617
305936492
306838240
308305610
308998387
310011291
310393402
313267750
315447470
315918581
316293525
316893669
317514413
323736666
324763482
325337401
325983008
326714981
328146179
329191477
32995806
36094240
47900976
62728610
68685903
68705742
73688833
74042170
77088658
77498931
78866779
86704204
87365305
90285047
91101325
92476833
96760956
97925591
99530665
101557041
102016484
108039515
111639517
111865830
113928012
114643566
114900277
117194401
117333644
117791870
118325250
118794091
118910018
119463998
119863011
121192457
121450926
121908872
123466063
123621024
125858918
125862054
128612563
131351209
131768822
132620645
133719117
134763799
139717001
141987705
144513068
148176942
154129512
154548784
156311150
159002956
159366838
163340106
164851175
170837204
171009827
173538102
174754549
175431196
180499210
183654669
183697632
183874150
183948726
185010193
187038081
187541286
187699611
191094270
192119602
192475621
195169340
196171054
196312651
198654977
203210482
206603320
206841652
206970362
207098534
209128806
214383719
214870128
215574687
216311755
218365712
221259610
224291003
225313664
225792493
225987393
226655177
227994404
228200691
228530509
229341802
229689369
230611093
230687588
232079110
233344492
233547828
235578811
235588363
236052397
237512600
237550277
238023469
239773528
240064383
241571516
241914261
241931077
242148714
242665441
243413137
243422513
244773128
245751453
246394971
246399131
246543081
247380230
248019350
248648745
249525251
249935813
250836392
251097406
253186750
254657174
255243529
255678408
256124777
257861539
258512506
261498092
261984845
262275873
262318432
262608112
262832622
263496335
264079846
265075564
265439847
266690494
267998903
268477325
273115790
274893448
275376915
276421916
279933287
280090002
281285423
281566943
282034714
282246699
282407376
283855434
284225780
285396049
285647331
286669795
290003235
290880548
291366185
293516571
293551745
294145304
296246111
297148317
298169078
298998077
299181162
299441559
300203537
301342075
302173825
303015258
303034956
303876895
304856412
305620617
305936492
306838240
308305610
308998387
310011291
310393402
313267750
315447470
315918581
316293525
316893669
317514413
323736666
324763482
325337401
325983008
326714981
328146179
329191477
32995806
36094240
47900976
62728610
68685903
68705742
73688833
74042170
77088658
77498931
78866779
86704204
87365305
90285047
91101325
92476833
96760956
97925591
99530665
101557041
102016484
108039515
111639517
111865830
113928012
114643566
114900277
117194401
117333644
117791870
118325250
118794091
118910018
119463998
119863011
121192457
121450926
121908872
123466063
123621024
125858918
125862054
128612563
131351209
131768822
132620645
133719117
134763799
139717001
141987705
144513068
148176942
154129512
154548784
156311150
159002956
159366838
163340106
164851175
170837204
171009827
173538102
174754549
175431196
180499210
183654669
183697632
183874150
183948726
185010193
187038081
187541286
187699611
191094270
192119602
192475621
195169340
196171054
196312651
198654977
203210482
206603320
206841652
206970362
207098534
209128806
214383719
214870128
215574687
216311755
218365712
221259610
224291003
225313664
225792493
225987393
226655177
227994404
228200691
228530509
229341802
229689369
230611093
230687588
232079110
233344492
233547828
235578811
235588363
236052397
237512600
237550277
238023469
239773528
240064383
241571516
241914261
241931077
242148714
242665441
243413137
243422513
244773128
245751453
246394971
246399131
246543081
247380230
248019350
248648745
249525251
249935813
250836392
251097406
253186750
254657174
255243529
255678408
256124777
257861539
258512506
261498092
261984845
262275873
262318432
262608112
262832622
263496335
264079846
265075564
265439847
266690494
267998903
268477325
273115790
274893448
275376915
276421916
279933287
280090002
281285423
281566943
282034714
282246699
282407376
283855434
284225780
285396049
285647331
286669795
290003235
290880548
291366185
293516571
293551745
294145304
296246111
297148317
298169078
298998077
299181162
299441559
300203537
301342075
302173825
303015258
303034956
303876895
304856412
305620617
305936492
306838240
308305610
308998387
310011291
310393402
313267750
315447470
315918581
316293525
316893669
317514413
323736666
324763482
325337401
325983008
326714981
328146179
329191477
32995806
36094240
47900976
62728610
68685903
68705742
73688833
74042170
77088658
77498931
78866779
86704204
87365305
90285047
91101325
92476833
96760956
97925591
99530665
101557041
102016484
108039515
111639517
111865830
113928012
114643566
114900277
117194401
117333644
117791870
118325250
118794091
118910018
119463998
119863011
121192457
121450926
121908872
123466063
123621024
125858918
125862054
128612563
131351209
131768822
132620645
133719117
134763799
139717001
141987705
144513068
148176942
154129512
154548784
156311150
159002956
159366838
163340106
164851175
170837204
171009827
173538102
174754549
175431196
180499210
183654669
183697632
183874150
183948726
185010193
187038081
187541286
187699611
191094270
192119602
192475621
195169340
196171054
196312651
198654977
203210482
206603320
206841652
206970362
207098534
209128806
214383719
214870128
215574687
216311755
218365712
221259610
224291003
225313664
225792493
225987393
226655177
227994404
228200691
228530509
229341802
229689369
230611093
230687588
232079110
233344492
233547828
235578811
235588363
236052397
237512600
237550277
238023469
239773528
240064383
241571516
241914261
241931077
242148714
242665441
243413137
243422513
244773128
245751453
246394971
246399131
246543081
247380230
248019350
248648745
249525251
249935813
250836392
251097406
253186750
254657174
255243529
255678408
256124777
257861539
258512506
261498092
261984845
262275873
262318432
262608112
262832622
263496335
264079846
265075564
265439847
266690494
267998903
268477325
273115790
274893448
275376915
276421916
279933287
280090002
281285423
281566943
282034714
282246699
282407376
283855434
284225780
285396049
285647331
286669795
290003235
290880548
291366185
293516571
293551745
294145304
296246111
297148317
298169078
298998077
299181162
299441559
300203537
301342075
302173825
303015258
303034956
303876895
304856412
305620617
305936492
306838240
308305610
308998387
310011291
310393402
313267750
315447470
315918581
316293525
316893669
317514413
323736666
324763482
325337401
325983008
326714981
328146179
329191477
32995806
36094240
47900976
62728610
68685903
68705742
73688833
74042170
77088658
77498931
78866779
86704204
87365305
90285047
91101325
92476833
96760956
97925591
99530665
101557041
102016484
108039515
111639517
111865830
113928012
114643566
114900277
117194401
117333644
117791870
118325250
118794091
118910018
119463998
119863011
121192457
121450926
121908872
123466063
123621024
125858918
125862054
128612563
131351209
131768822
132620645
133719117
134763799
139717001
141987705
144513068
148176942
154129512
154548784
156311150
159002956
159366838
163340106
164851175
170837204
171009827
173538102
174754549
175431196
180499210
183654669
183697632
183874150
183948726
185010193
187038081
187541286
187699611
191094270
192119602
192475621
195169340
196171054
196312651
198654977
203210482
206603320
206841652
206970362
207098534
209128806
214383719
214870128
215574687
216311755
218365712
221259610
224291003
225313664
225792493
225987393
226655177
227994404
228200691
228530509
229341802
229689369
230611093
230687588
232079110
233344492
233547828
235578811
235588363
236052397
237512600
237550277
238023469
239773528
240064383
241571516
241914261
241931077
242148714
242665441
243413137
243422513
244773128
245751453
246394971
246399131
246543081
247380230
248019350
248648745
249525251
249935813
250836392
251097406
253186750
254657174
255243529
255678408
256124777
257861539
258512506
261498092
261984845
262275873
262318432
262608112
262832622
263496335
264079846
265075564
265439847
266690494
267998903
268477325
273115790
274893448
275376915
276421916
279933287
280090002
281285423
281566943
282034714
282246699
282407376
283855434
284225780
285396049
285647331
286669795
290003235
290880548
291366185
293516571
293551745
294145304
296246111
297148317
298169078
298998077
299181162
299441559
300203537
301342075
302173825
303015258
303034956
303876895
304856412
305620617
305936492
306838240
308305610
308998387
310011291
310393402
313267750
315447470
315918581
316293525
316893669
317514413
323736666
324763482
325337401
325983008
326714981
328146179
329191477
32995806
36094240
47900976
62728610
68685903
68705742
73688833
74042170
77088658
77498931
78866779
86704204
87365305
90285047
91101325
92476833
96760956
97925591
99530665
101557041
102016484
108039515
111639517
111865830
113928012
114643566
114900277
117194401
117333644
117791870
118325250
118794091
118910018
119463998
119863011
121192457
121450926
121908872
123466063
123621024
125858918
125862054
128612563
131351209
131768822
132620645
133719117
134763799
139717001
141987705
144513068
148176942
154129512
154548784
156311150
159002956
159366838
163340106
164851175
170837204
171009827
173538102
174754549
175431196
180499210
183654669
183697632
183874150
183948726
185010193
187038081
187541286
187699611
191094270
192119602
192475621
195169340
196171054
196312651
198654977
203210482
206603320
206841652
206970362
207098534
209128806
214383719
214870128
215574687
216311755
218365712
221259610
224291003
225313664
225792493
225987393
226655177
227994404
228200691
228530509
229341802
229689369
230611093
230687588
232079110
233344492
233547828
235578811
235588363
236052397
237512600
237550277
238023469
239773528
240064383
241571516
241914261
241931077
242148714
242665441
243413137
243422513
244773128
245751453
246394971
246399131
246543081
247380230
248019350
248648745
249525251
249935813
250836392
251097406
253186750
254657174
255243529
255678408
256124777
257861539
258512506
261498092
261984845
262275873
262318432
262608112
262832622
263496335
264079846
265075564
265439847
266690494
267998903
268477325
273115790
274893448
275376915
276421916
279933287
280090002
281285423
281566943
282034714
282246699
282407376
283855434
284225780
285396049
285647331
286669795
290003235
290880548
291366185
293516571
293551745
294145304
296246111
297148317
298169078
298998077
299181162
299441559
300203537
301342075
302173825
303015258
303034956
303876895
304856412
305620617
305936492
306838240
308305610
308998387
310011291
310393402
313267750
315447470
315918581
316293525
316893669
317514413
323736666
324763482
325337401
325983008
326714981
328146179
329191477
32995806
36094240
47900976
62728610
68685903
68705742
73688833
74042170
77088658
77498931
78866779
86704204
87365305
90285047
91101325
92476833
96760956
97925591
99530665
101557041
102016484
108039515
111639517
111865830
113928012
114643566
114900277
117194401
117333644
117791870
118325250
118794091
118910018
119463998
119863011
121192457
121450926
121908872
123466063
123621024
125858918
125862054
128612563
131351209
131768822
132620645
133719117
134763799
139717001
141987705
144513068
148176942
154129512
154548784
156311150
159002956
159366838
163340106
164851175
170837204
171009827
173538102
174754549
175431196
180499210
183654669
183697632
183874150
183948726
185010193
187038081
187541286
187699611
191094270
192119602
192475621
195169340
196171054
196312651
198654977
203210482
206603320
206841652
206970362
207098534
209128806
214383719
214870128
215574687
216311755
218365712
221259610
224291003
225313664
225792493
225987393
226655177
227994404
228200691
228530509
229341802
229689369
230611093
230687588
232079110
233344492
233547828
235578811
235588363
236052397
237512600
237550277
238023469
239773528
240064383
241571516
241914261
241931077
242148714
242665441
243413137
243422513
244773128
245751453
246394971
246399131
246543081
247380230
248019350
248648745
249525251
249935813
250836392
251097406
253186750
254657174
255243529
255678408
256124777
257861539
258512506
261498092
261984845
262275873
262318432
262608112
262832622
263496335
264079846
265075564
265439847
266690494
267998903
268477325
273115790
274893448
275376915
276421916
279933287
280090002
281285423
281566943
282034714
282246699
282407376
283855434
284225780
285396049
285647331
286669795
290003235
290880548
291366185
293516571
293551745
294145304
296246111
297148317
298169078
298998077
299181162
299441559
300203537
301342075
302173825
303015258
303034956
303876895
304856412
305620617
305936492
306838240
308305610
308998387
310011291
310393402
313267750
315447470
315918581
316293525
316893669
317514413
323736666
324763482
325337401
325983008
326714981
328146179
329191477
32995806
36094240
47900976
62728610
68685903
68705742
73688833
74042170
77088658
77498931
78866779
86704204
87365305
90285047
91101325
92476833
96760956
97925591
99530665
101557041
102016484
108039515
111639517
111865830
113928012
114643566
114900277
117194401
117333644
117791870
118325250
118794091
118910018
119463998
119863011
121192457
121450926
121908872
123466063
123621024
125858918
125862054
128612563
131351209
131768822
132620645
133719117
134763799
139717001
141987705
144513068
148176942
154129512
154548784
156311150
159002956
159366838
163340106
164851175
170837204
171009827
173538102
174754549
175431196
180499210
183654669
183697632
183874150
183948726
185010193
187038081
187541286
187699611
191094270
192119602
192475621
195169340
196171054
196312651
198654977
203210482
206603320
206841652
206970362
207098534
209128806
214383719
214870128
215574687
216311755
218365712
221259610
224291003
225313664
225792493
225987393
226655177
227994404
228200691
228530509
229341802
229689369
230611093
230687588
232079110
233344492
233547828
235578811
235588363
236052397
237512600
237550277
238023469
239773528
240064383
241571516
241914261
241931077
242148714
242665441
243413137
243422513
244773128
245751453
246394971
246399131
246543081
247380230
248019350
248648745
249525251
249935813
250836392
251097406
253186750
254657174
255243529
255678408
256124777
257861539
258512506
261498092
261984845
262275873
262318432
262608112
262832622
263496335
264079846
265075564
265439847
266690494
267998903
268477325
273115790
274893448
275376915
276421916
279933287
280090002
281285423
281566943
282034714
282246699
282407376
283855434
284225780
285396049
285647331
286669795
290003235
290880548
291366185
293516571
293551745
294145304
296246111
297148317
298169078
298998077
299181162
299441559
300203537
301342075
302173825
303015258
303034956
303876895
304856412
305620617
305936492
306838240
308305610
308998387
310011291
310393402
313267750
315447470
315918581
316293525
316893669
317514413
323736666
324763482
325337401
325983008
326714981
328146179
329191477
32995806
36094240
47900976
62728610
68685903
68705742
73688833
74042170
77088658
77498931
78866779
86704204
87365305
90285047
91101325
92476833
96760956
97925591
99530665
101557041
102016484
108039515
111639517
111865830
113928012
114643566
114900277
117194401
117333644
117791870
118325250
118794091
118910018
119463998
119863011
121192457
121450926
121908872
123466063
123621024
125858918
125862054
128612563
131351209
131768822
132620645
133719117
134763799
139717001
141987705
144513068
148176942
154129512
154548784
156311150
159002956
159366838
163340106
164851175
170837204
171009827
173538102
174754549
175431196
180499210
183654669
183697632
183874150
183948726
185010193
187038081
187541286
187699611
191094270
192119602
192475621
195169340
196171054
196312651
198654977
203210482
206603320
206841652
206970362
207098534
209128806
214383719
214870128
215574687
216311755
218365712
221259610
224291003
225313664
225792493
225987393
226655177
227994404
228200691
228530509
229341802
229689369
230611093
230687588
232079110
233344492
233547828
235578811
235588363
236052397
237512600
237550277
238023469
239773528
240064383
241571516
241914261
241931077
242148714
242665441
243413137
243422513
244773128
245751453
246394971
246399131
246543081
247380230
248019350
248648745
249525251
249935813
250836392
251097406
253186750
254657174
255243529
255678408
256124777
257861539
258512506
261498092
261984845
262275873
262318432
262608112
262832622
263496335
264079846
265075564
265439847
266690494
267998903
268477325
273115790
274893448
275376915
276421916
279933287
280090002
281285423
281566943
282034714
282246699
282407376
283855434
284225780
285396049
285647331
286669795
290003235
290880548
291366185
293516571
293551745
294145304
296246111
297148317
298169078
298998077
299181162
299441559
300203537
301342075
302173825
303015258
303034956
303876895
304856412
305620617
305936492
306838240
308305610
308998387
310011291
310393402
313267750
315447470
315918581
316293525
316893669
317514413
323736666
324763482
325337401
325983008
326714981
328146179
329191477
32995806
36094240
47900976
62728610
68685903
68705742
73688833
74042170
77088658
77498931
78866779
86704204
87365305
90285047
91101325
92476833
96760956
97925591
99530665
101557041
102016484
108039515
111639517
111865830
113928012
114643566
114900277
117194401
117333644
117791870
118325250
118794091
118910018
119463998
119863011
121192457
121450926
121908872
123466063
123621024
125858918
125862054
128612563
131351209
131768822
132620645
133719117
134763799
139717001
141987705
144513068
148176942
154129512
154548784
156311150
159002956
159366838
163340106
164851175
170837204
171009827
173538102
174754549
175431196
180499210
183654669
183697632
183874150
183948726
185010193
187038081
187541286
187699611
191094270
192119602
192475621
195169340
196171054
196312651
198654977
203210482
206603320
206841652
206970362
207098534
209128806
214383719
214870128
215574687
216311755
218365712
221259610
224291003
225313664
225792493
225987393
226655177
227994404
228200691
228530509
229341802
229689369
230611093
230687588
232079110
233344492
233547828
235578811
235588363
236052397
237512600
237550277
238023469
239773528
240064383
241571516
241914261
241931077
242148714
242665441
243413137
243422513
244773128
245751453
246394971
246399131
246543081
247380230
248019350
248648745
249525251
249935813
250836392
251097406
253186750
254657174
255243529
255678408
256124777
257861539
258512506
261498092
261984845
262275873
262318432
262608112
262832622
263496335
264079846
265075564
265439847
266690494
267998903
268477325
273115790
274893448
275376915
276421916
279933287
280090002
281285423
281566943
282034714
282246699
282407376
283855434
284225780
285396049
285647331
286669795
290003235
290880548
291366185
293516571
293551745
294145304
296246111
297148317
298169078
298998077
299181162
299441559
300203537
301342075
302173825
303015258
303034956
303876895
304856412
305620617
305936492
306838240
308305610
308998387
310011291
310393402
313267750
315447470
315918581
316293525
316893669
317514413
323736666
324763482
325337401
325983008
326714981
328146179
329191477
32995806
36094240
47900976
62728610
68685903
68705742
73688833
74042170
77088658
77498931
78866779
86704204
87365305
90285047
91101325
92476833
96760956
97925591
99530665
101557041
102016484
108039515
111639517
111865830
113928012
114643566
114900277
117194401
117333644
117791870
118325250
118794091
118910018
119463998
119863011
121192457
121450926
121908872
123466063
123621024
125858918
125862054
128612563
131351209
131768822
132620645
133719117
134763799
139717001
141987705
144513068
148176942
154129512
154548784
156311150
159002956
159366838
163340106
164851175
170837204
171009827
173538102
174754549
175431196
180499210
183654669
183697632
183874150
183948726
185010193
187038081
187541286
187699611
191094270
192119602
192475621
195169340
196171054
196312651
198654977
203210482
206603320
206841652
206970362
207098534
209128806
214383719
214870128
215574687
216311755
218365712
221259610
224291003
225313664
225792493
225987393
226655177
227994404
228200691
228530509
229341802
229689369
230611093
230687588
232079110
233344492
233547828
235578811
235588363
236052397
237512600
237550277
238023469
239773528
240064383
241571516
241914261
241931077
242148714
242665441
243413137
243422513
244773128
245751453
246394971
246399131
246543081
247380230
248019350
248648745
249525251
249935813
250836392
251097406
253186750
254657174
255243529
255678408
256124777
257861539
258512506
261498092
261984845
262275873
262318432
262608112
262832622
263496335
264079846
265075564
265439847
266690494
267998903
268477325
273115790
274893448
275376915
276421916
279933287
280090002
281285423
281566943
282034714
282246699
282407376
283855434
284225780
285396049
285647331
286669795
290003235
290880548
291366185
293516571
293551745
294145304
296246111
297148317
298169078
298998077
299181162
299441559
300203537
301342075
302173825
303015258
303034956
303876895
304856412
305620617
305936492
306838240
308305610
308998387
310011291
310393402
313267750
315447470
315918581
316293525
316893669
317514413
323736666
324763482
325337401
325983008
326714981
328146179
329191477

